50 50 40.790430 29.509133
22 50 40.790283 29.508911
0 50 40.790156 29.508715
-21 50 40.790043 29.508547
-35 50 40.789968 29.508424
-42 50 40.789936 29.508366
50 15 40.790221 29.509371
23 18 40.790094 29.509126
0 23 40.789994 29.508912
-21 24 40.789872 29.508727
-36 24 40.789800 29.508583
-42 -24 40.789492 29.508884
-42 24 40.789785 29.508503
22 0 40.789976 29.509271
0 0 40.789846 29.509078
-21 0 40.789727 29.508898
-36 0 40.789644 29.508767
22 -22 40.789858 29.509411
0 -22 40.789709 29.509244
-20 -22 40.789593 29.509051
-35 -22 40.789515 29.508904
50 70 40.790504 29.509066
22 70 40.790356 29.508819
0 70 40.790216 29.508616
-21 70 40.790110 29.508463
-42 70 40.789995 29.508307
-63 70 40.789889 29.508146
-63 27 40.789712 29.508337
-63 0 40.789526 29.508535
-62 -25 40.789378 29.508696
-62 -35 40.789314 29.508790
-42 -35 40.789463 29.508986
-21 -35 40.789533 29.509141
0 -35 40.789645 29.509345
22 -35 40.789779 29.509525
50 -25 40.789987 29.509678
75 -25 40.790114 29.509922
75 16 40.790340 29.509578
75 50 40.790589 29.509313
