21 37 40.790214 29.508963
1 37 40.790103 29.508806
-19.5 37 40.789985 29.508624
-34 35 40.789873 29.508525
-29 29 40.789862 29.508589
-12 25.5 40.789944 29.508785 
13 29 40.790112 29.508972
-22 18 40.789832 29.508747
-1.5 18 40.789951 29.508921
21 18 40.790075 29.509123
29 18 40.790130 29.509200
-34 10 40.789700 29.508726
13 2 40.789944 29.509192
-12 -2 40.789762 29.508971
-29 2 40.789692 29.508801
21 -9 40.789916 29.509306
-1.5 -12 40.789763 29.509147
-19 -9 40.789688 29.508968
-29 -16 40.789577 29.508940
-9 -16 40.789701 29.509136
11 -20 40.789794 29.509326
-34 -10 40.789594 29.508849
